id bipar error fn
G000821105_4_6 7453 3 .0004
G001750165_9_26 7453 5 .0007
G001420855_8_29 7453 0 0
G900105105_3_30 7453 5 .0007
G000762265_2_32 7453 1 .0001
G000091565_5_81 7453 16 .0021
G001981925_1_37 7453 9 .0012
G000826085_3_50 7453 19 .0025
G001315825_1_14 7453 2 .0003
G001039275_10_66 7453 4 .0005
G000752095_2_93 7453 2 .0003
G000518365_1_63 7453 38 .0051
G001420855_6_4 7453 18 .0024
G000170895_1_31 7453 0 0
G000313385_3_43 7453 8 .0011
G001420855_5_18 7453 3 .0004
G000752095_1_77 7453 3 .0004
G000821105_3_80 7453 3 .0004
G000585375_3_69 7453 8 .0011
G900105065_1_27 7453 7 .0009
G000179615_7_106 7453 5 .0007
G000445425_1_54 7453 6 .0008
G900105065_2_87 7453 4 .0005
G000169395_2_59 7453 9 .0012
G000196455_2_0 7453 8 .0011
G000016565_4_68 7453 4 .0005
G001750165_1_95 7453 4 .0005
G000143985_1_39 7453 5 .0007
G001784565_1_47 7453 1 .0001
G001941945_1_89 7453 1 .0001
G000156595_1_100 7453 0 0
G001819135_1_17 7453 1 .0001
G900110585_1_110 7453 6 .0008
G001544015_1_70 7453 10 .0013
G000023865_1_91 7453 12 .0016
G001039275_7_108 7453 4 .0005
G001574675_4_90 7453 6 .0008
G001766815_1_1 7453 0 0
G000512895_1_82 7453 4 .0005
G000159995_1_71 7453 23 .0031
G001750165_10_79 7453 6 .0008
G000091565_3_45 7453 12 .0016
G000702485_3_36 7453 2 .0003
G001263205_3_12 7453 2 .0003
G000297775_4_8 7453 3 .0004
G000585375_1_56 7453 13 .0017
G001543345_3_22 7453 0 0
G000332275_2_3 7453 3 .0004
G000301055_1_119 7453 9 .0012
G001796355_1_98 7453 7 .0009
G000758845_1_65 7453 11 .0015
G000017545_2_20 7453 1 .0001
G000585155_3_62 7453 1 .0001
G000016565_4_38 7453 7 .0009
G000170795_3_51 7453 0 0
G000702485_4_34 7453 2 .0003
G000238915_1_9 7453 4 .0005
G001558935_7_117 7453 7 .0009
G900120165_2_52 7453 4 .0005
G000752095_2_53 7453 2 .0003
G000701545_1_96 7453 10 .0013
G001039275_3_55 7453 3 .0004
G001677115_3_61 7453 10 .0013
G000208405_4_97 7453 2 .0003
G001558935_6_2 7453 9 .0012
G000585375_2_120 7453 8 .0011
G001543345_8_76 7453 0 0
G000369145_1_21 7453 4 .0005
G001867005_2_48 7453 8 .0011
G001004055_1_5 7453 1 .0001
G000516515_3_42 7453 0 0
G000931935_1_113 7453 1 .0001
G001399795_1_40 7453 0 0
G000934685_3_83 7453 4 .0005
G900105065_2_75 7453 14 .0019
G000752095_7_46 7453 12 .0016
G001484965_1_99 7453 1 .0001
G000023925_2_41 7453 5 .0007
G000025885_1_122 7453 4 .0005
G001039275_10_67 7453 4 .0005
G000017865_1_28 7453 3 .0004
G000775285_1_58 7453 3 .0004
G001867005_1_121 7453 15 .002
G000828895_2_64 7453 3 .0004
G001486165_1_19 7453 2 .0003
G000196135_2_102 7453 10 .0013
G001676615_1_49 7453 3 .0004
G000379985_1_73 7453 9 .0012
G000597725_1_13 7453 2 .0003
G001039275_1_109 7453 4 .0005
G000299355_5_103 7453 8 .0011
G000014585_1_115 7453 9 .0012
G000007625_3_11 7453 4 .0005
G000025885_2_104 7453 0 0
G000169375_1_126 7453 5 .0007
G000260965_2_74 7453 1 .0001
G000756225_2_86 7453 4 .0005
G000821105_3_25 7453 4 .0005
G000585155_5_33 7453 2 .0003
G000821105_1_15 7453 0 0
G000021885_6_23 7453 1 .0001
G000007625_3_57 7453 6 .0008
G000025885_1_116 7453 0 0
G001543345_5_10 7453 2 .0003
G000996695_1_72 7453 4 .0005
G000189775_3_88 7453 0 0
G900113975_1_60 7453 6 .0008
G000512895_3_94 7453 31 .0042
G000384135_1_114 7453 1 .0001
G000515395_1_44 7453 4 .0005
G000445425_1_101 7453 6 .0008
G001777945_1_78 7453 7 .0009
G000023325_1_125 7453 0 0
G000024025_3_105 7453 7 .0009
G001872305_1_123 7453 3 .0004
G000024985_1_24 7453 0 0
G000189775_4_85 7453 0 0
G000821105_4_7 7453 7 .0009
G001749745_1_111 7453 3 .0004
G001574865_2_16 7453 11 .0015
G000372165_1_92 7453 3 .0004
G000501155_2_118 7453 5 .0007
G000752095_6_127 7453 2 .0003
G001941945_4_84 7453 5 .0007
G000332175_2_35 7453 20 .0027
G001642955_1_124 7453 2 .0003
G000179615_1_112 7453 2 .0003
G001750165_3_135 7453 7 .0009
G000369145_1_130 7453 28 .0038
G001188545_2_137 7453 0 0
G000368825_2_129 7453 9 .0012
G001592935_1_134 7453 1 .0001
G000023705_1_147 7453 2 .0003
G001867005_3_143 7453 13 .0017
G000828895_1_131 7453 4 .0005
G001750165_6_141 7453 0 0
G000621485_1_133 7453 2 .0003
G000725165_2_149 7453 0 0
G000312665_1_157 7453 1 .0001
G000158315_1_138 7453 0 0
G000020725_2_139 7453 4 .0005
G000429925_1_151 7453 2 .0003
G000968055_1_146 7453 3 .0004
G000179255_1_167 7453 4 .0005
G001696955_1_144 7453 5 .0007
G001708985_1_171 7453 1 .0001
G000023925_1_128 7453 1 .0001
G001558935_2_180 7453 14 .0019
G000196455_5_152 7453 3 .0004
G000368825_3_158 7453 6 .0008
G000740855_1_173 7453 1 .0001
G000007105_1_107 7453 3 .0004
G000702485_2_181 7453 3 .0004
G000753715_1_191 7453 6 .0008
G001749745_2_159 7453 6 .0008
G001769115_1_195 7453 0 0
G000301055_2_161 7453 8 .0011
G000013105_1_175 7453 14 .0019
G000021885_4_207 7453 6 .0008
G000024985_2_169 7453 0 0
G000648015_1_156 7453 14 .0019
G001872335_1_136 7453 1 .0001
G001302585_1_132 7453 8 .0011
G000516515_1_168 7453 2 .0003
G001263205_3_174 7453 4 .0005
G000024985_2_162 7453 1 .0001
G000143985_1_194 7453 2 .0003
G001434705_1_153 7453 13 .0017
G000235505_1_145 7453 1 .0001
G002011685_1_200 7453 23 .0031
G900105065_1_209 7453 3 .0004
G000754275_4_234 7453 5 .0007
G900105105_2_203 7453 11 .0015
G001263205_1_164 7453 3 .0004
G000092225_1_218 7453 12 .0016
G001420715_5_155 7453 7 .0009
G000013105_1_179 7453 0 0
G000411555_4_204 7453 1 .0001
G000313385_1_188 7453 8 .0011
G000260965_3_140 7453 2 .0003
G001190745_3_182 7453 5 .0007
G001886435_3_189 7453 2 .0003
G000315465_1_208 7453 3 .0004
G001420855_7_177 7453 19 .0025
G000753715_1_211 7453 5 .0007
G001426965_1_170 7453 1 .0001
G000315465_2_216 7453 2 .0003
G000512895_3_160 7453 1 .0001
G000169375_1_150 7453 0 0
G000171835_1_206 7453 12 .0016
G000023925_2_202 7453 16 .0021
G001558935_5_240 7453 8 .0011
G000826085_3_212 7453 7 .0009
G000750535_2_197 7453 1 .0001
G000091565_3_233 7453 11 .0015
G000017545_1_213 7453 0 0
G001574865_4_223 7453 5 .0007
G001294525_1_210 7453 1 .0001
G000020945_2_196 7453 0 0
G000597725_1_148 7453 3 .0004
G000021885_4_154 7453 9 .0012
G001420855_8_163 7453 3 .0004
G001784565_1_192 7453 2 .0003
G000328945_1_237 7453 3 .0004
G000744935_7_142 7453 5 .0007
G000967895_5_230 7453 9 .0012
G001420855_1_183 7453 6 .0008
G900115225_1_186 7453 23 .0031
G001825665_1_221 7453 1 .0001
G000314675_1_229 7453 5 .0007
G000744935_1_214 7453 3 .0004
G001302585_1_184 7453 4 .0005
G001771535_1_232 7453 0 0
G000007785_2_172 7453 9 .0012
G001580025_1_231 7453 21 .0028
G000208405_1_252 7453 6 .0008
G001428565_1_185 7453 4 .0005
G000411555_4_187 7453 1 .0001
G000768875_1_225 7453 2 .0003
G000826085_1_243 7453 10 .0013
G000023325_2_165 7453 0 0
G000196455_4_166 7453 12 .0016
G000260965_1_219 7453 12 .0016
G000308795_1_235 7453 4 .0005
G000016165_3_250 7453 1 .0001
G000821105_2_247 7453 4 .0005
G001872305_1_236 7453 2 .0003
G000702485_6_253 7453 3 .0004
G000447295_1_242 7453 0 0
G900105105_1_238 7453 5 .0007
G000473145_2_190 7453 15 .002
G000024985_1_198 7453 0 0
G001420715_4_215 7453 17 .0023
G000585155_7_255 7453 1 .0001
G001420855_4_251 7453 13 .0017
G000014585_1_220 7453 11 .0015
G000752095_1_178 7453 3 .0004
G000252445_2_249 7453 1 .0001
G000016165_4_176 7453 5 .0007
G000498475_1_264 7453 1 .0001
G900095865_5_217 7453 3 .0004
G000404925_1_227 7453 6 .0008
G000025725_2_205 7453 24 .0032
G000013105_1_245 7453 0 0
G001420855_7_199 7453 3 .0004
G900095865_4_193 7453 3 .0004
G000648015_1_256 7453 6 .0008
G000744935_2_201 7453 8 .0011
G000992445_1_222 7453 11 .0015
G000091565_2_263 7453 8 .0011
G000496595_3_254 7453 1 .0001
G000153185_3_241 7453 11 .0015
G900105105_3_224 7453 2 .0003
G000687735_1_228 7453 1 .0001
G000313385_2_248 7453 11 .0015
G000007625_1_265 7453 9 .0012
G000024985_1_239 7453 1 .0001
G000736515_1_260 7453 1 .0001
G001402855_1_246 7453 5 .0007
G000496595_3_244 7453 0 0
G000297775_1_282 7453 6 .0008
G001750165_3_284 7453 23 .0031
G001302585_1_262 7453 4 .0005
G000415945_1_276 7453 13 .0017
G900107585_1_272 7453 8 .0011
G001535965_1_267 7453 9 .0012
G000518365_2_226 7453 8 .0011
G000260965_1_257 7453 1 .0001
G000368825_3_277 7453 7 .0009
G001981925_1_274 7453 3 .0004
G001870905_1_261 7453 5 .0007
G000020945_1_268 7453 0 0
G001886435_2_291 7453 2 .0003
G000875945_1_269 7453 19 .0025
G000585155_7_292 7453 3 .0004
G000754275_2_280 7453 3 .0004
G000152145_1_270 7453 0 0
G000821105_4_289 7453 3 .0004
G900103665_1_271 7453 5 .0007
G001677115_1_259 7453 8 .0011
G001795505_1_258 7453 2 .0003
G000744935_10_278 7453 3 .0004
G000025725_2_283 7453 19 .0025
G000179615_9_279 7453 2 .0003
G000091985_2_281 7453 6 .0008
G000469585_1_287 7453 0 0
G000371925_1_285 7453 2 .0003
G000615945_1_290 7453 6 .0008
G000299355_4_266 7453 8 .0011
G001592745_1_294 7453 0 0
G000023865_2_303 7453 2 .0003
G900115865_1_288 7453 5 .0007
G000091565_2_293 7453 4 .0005
G000701545_1_297 7453 0 0
G000021885_2_295 7453 5 .0007
G001263205_3_307 7453 3 .0004
G000744935_10_304 7453 3 .0004
G000768705_1_309 7453 8 .0011
G001049735_1_286 7453 17 .0023
G001543345_1_306 7453 0 0
G000413315_2_275 7453 4 .0005
G000760215_1_317 7453 5 .0007
G001749745_1_296 7453 0 0
G000025885_2_273 7453 0 0
G000512895_4_338 7453 1 .0001
G000505725_3_315 7453 11 .0015
G001302585_1_305 7453 9 .0012
G001774295_1_302 7453 2 .0003
G000429925_1_300 7453 4 .0005
G000368825_3_308 7453 10 .0013
G001039275_9_324 7453 8 .0011
G001543345_10_320 7453 0 0
G000016165_3_310 7453 14 .0019
G000090965_1_344 7453 0 0
G000220585_1_316 7453 11 .0015
G000260965_3_299 7453 1 .0001
G001708935_1_323 7453 9 .0012
G000007105_2_347 7453 27 .0036
G000189775_1_348 7453 0 0
G001420715_4_312 7453 8 .0011
G001574675_5_313 7453 6 .0008
G000648015_1_321 7453 6 .0008
G000983115_1_327 7453 1 .0001
G000007105_2_318 7453 2 .0003
G001558935_2_326 7453 9 .0012
G900097105_2_322 7453 1 .0001
G000024025_3_314 7453 8 .0011
G000967895_3_334 7453 9 .0012
G000496595_1_358 7453 3 .0004
G000995995_1_329 7453 27 .0036
G000007625_1_335 7453 17 .0023
G001190745_3_333 7453 2 .0003
G001439965_1_325 7453 12 .0016
G000505725_2_301 7453 1 .0001
G001708985_1_365 7453 1 .0001
G001426965_1_336 7453 27 .0036
G000710615_1_351 7453 11 .0015
G001750165_7_368 7453 6 .0008
G000934685_1_364 7453 3 .0004
G000960475_1_375 7453 14 .0019
G000702485_5_330 7453 16 .0021
G000021885_4_355 7453 1 .0001
G000143985_2_311 7453 5 .0007
G000583695_1_341 7453 12 .0016
G001592185_1_337 7453 2 .0003
G000702485_4_356 7453 0 0
G000800295_2_298 7453 3 .0004
G001872335_1_331 7453 2 .0003
G001315825_1_367 7453 1 .0001
G000429665_1_340 7453 8 .0011
G001825665_1_357 7453 6 .0008
G000237805_2_345 7453 0 0
G000473145_4_319 7453 4 .0005
G000754275_2_328 7453 4 .0005
G001591605_1_392 7453 21 .0028
G000014585_2_366 7453 0 0
G000153185_1_360 7453 1 .0001
G000189775_4_346 7453 0 0
G000008565_2_352 7453 35 .0047
G000153145_1_362 7453 12 .0016
G001420855_8_353 7453 4 .0005
G000297775_4_391 7453 12 .0016
G000158315_1_374 7453 3 .0004
G000564995_1_339 7453 5 .0007
G000620625_1_349 7453 8 .0011
G002002625_1_332 7453 8 .0011
G000585155_2_385 7453 1 .0001
G000380085_1_373 7453 7 .0009
G000371925_2_378 7453 2 .0003
G001420855_13_361 7453 7 .0009
G001899145_1_397 7453 0 0
G001543345_6_350 7453 0 0
G000423585_1_406 7453 0 0
G000007785_4_369 7453 17 .0023
G000733765_1_389 7453 4 .0005
G000179615_7_388 7453 0 0
G001044335_1_371 7453 2 .0003
G000473145_3_343 7453 16 .0021
G001039275_4_387 7453 3 .0004
G000007105_2_377 7453 0 0
G000518365_3_398 7453 30 .004
G000091565_7_394 7453 10 .0013
G001039275_6_372 7453 4 .0005
G000007785_3_382 7453 0 0
G001941945_1_386 7453 5 .0007
G000875945_1_401 7453 15 .002
G001420855_5_393 7453 0 0
G001788225_1_383 7453 1 .0001
G000014185_1_376 7453 1 .0001
G900095865_4_395 7453 0 0
G001574865_5_354 7453 12 .0016
G001543345_8_359 7453 0 0
G000014245_2_399 7453 22 .003
G000020725_1_380 7453 1 .0001
G900155395_1_363 7453 3 .0004
G001825665_1_384 7453 3 .0004
G000286395_1_370 7453 0 0
G000091565_5_411 7453 16 .0021
G000995995_1_379 7453 11 .0015
G900116425_1_396 7453 18 .0024
G900095865_4_400 7453 0 0
G000024025_3_403 7453 1 .0001
G000170895_1_402 7453 0 0
G900142285_1_404 7453 12 .0016
G001439965_1_381 7453 7 .0009
G001941945_1_390 7453 2 .0003
G000931935_1_409 7453 1 .0001
G000404925_1_342 7453 6 .0008
G000315465_2_410 7453 19 .0025
G000478685_3_423 7453 20 .0027
G001315825_1_417 7453 3 .0004
G001574865_1_405 7453 12 .0016
G000750535_1_413 7453 15 .002
G001039275_2_408 7453 4 .0005
G000983115_1_421 7453 18 .0024
G001941945_3_426 7453 38 .0051
G000585375_2_422 7453 3 .0004
G000423585_1_420 7453 5 .0007
G001543345_9_407 7453 0 0
G001302585_1_431 7453 14 .0019
G001649715_1_412 7453 2 .0003
G001435475_1_424 7453 4 .0005
G000754275_2_425 7453 4 .0005
G000752095_4_436 7453 4 .0005
G000091565_3_453 7453 7 .0009
G000007785_4_419 7453 21 .0028
G000153185_4_437 7453 22 .003
G000167355_1_429 7453 2 .0003
G001039275_6_416 7453 5 .0007
G000210095_1_428 7453 0 0
G002002625_1_458 7453 4 .0005
G001438895_1_460 7453 0 0
G000752095_2_462 7453 2 .0003
G000379225_1_414 7453 1 .0001
G000420485_1_418 7453 1 .0001
G000516515_3_459 7453 0 0
G000196455_3_464 7453 5 .0007
G000023325_1_443 7453 0 0
G000301055_2_415 7453 8 .0011
G000237805_1_430 7453 0 0
G000179615_6_442 7453 0 0
G000447295_1_438 7453 4 .0005
G000501155_1_434 7453 4 .0005
G000208405_1_440 7453 2 .0003
G000170795_2_456 7453 3 .0004
G001818535_1_448 7453 0 0
G000422725_1_491 7453 2 .0003
G001402855_1_471 7453 1 .0001
G001796355_1_439 7453 4 .0005
G001420855_1_444 7453 21 .0028
G001750165_6_468 7453 5 .0007
G000189775_3_461 7453 0 0
G001558935_5_435 7453 21 .0028
G000384135_1_455 7453 0 0
G000260965_2_447 7453 18 .0024
G000411555_4_445 7453 1 .0001
G001434705_1_454 7453 18 .0024
G000752095_7_469 7453 7 .0009
G000737865_1_452 7453 7 .0009
G000016165_2_467 7453 0 0
G000763805_1_427 7453 6 .0008
G000762045_1_472 7453 16 .0021
G000992445_1_432 7453 8 .0011
G000583695_1_488 7453 5 .0007
G000179615_9_457 7453 6 .0008
G001188545_1_480 7453 0 0
G000023925_2_450 7453 6 .0008
G000220235_1_473 7453 2 .0003
G000524475_1_463 7453 4 .0005
G000931935_1_481 7453 0 0
G000754275_4_486 7453 7 .0009
G001574675_5_466 7453 14 .0019
G900095865_5_451 7453 0 0
G000179615_9_470 7453 25 .0034
G000989525_1_446 7453 3 .0004
G000016165_1_474 7453 1 .0001
G000744935_4_465 7453 6 .0008
G001558935_3_487 7453 4 .0005
G001420715_1_476 7453 1 .0001
G000478685_1_477 7453 10 .0013
G000744935_11_489 7453 9 .0012
G000752215_1_441 7453 0 0
G000017865_1_483 7453 1 .0001
G002011685_1_494 7453 26 .0035
G001574865_3_502 7453 7 .0009
G001420715_1_433 7453 4 .0005
G000424265_1_482 7453 11 .0015
G001749745_2_449 7453 4 .0005
G000016565_1_479 7453 5 .0007
G000496595_2_497 7453 1 .0001
G001544015_2_484 7453 9 .0012
G900097105_1_492 7453 5 .0007
G000297775_6_495 7453 7 .0009
G000725165_1_527 7453 5 .0007
G000411555_2_485 7453 1 .0001
G000238395_1_522 7453 5 .0007
G001574865_3_493 7453 23 .0031
G000754275_2_530 7453 3 .0004
G000016165_5_509 7453 1 .0001
G900108495_1_521 7453 0 0
G001749745_2_496 7453 2 .0003
G000752095_2_507 7453 2 .0003
G000301055_2_512 7453 2 .0003
G000368825_4_499 7453 3 .0004
G000092225_1_520 7453 5 .0007
G000752095_5_500 7453 2 .0003
G000769915_1_546 7453 2 .0003
G001544015_1_510 7453 11 .0015
G000371925_1_528 7453 21 .0028
G000007625_6_475 7453 2 .0003
G000967895_5_517 7453 1 .0001
G000744935_3_498 7453 4 .0005
G000752095_7_505 7453 1 .0001
G000091565_7_519 7453 1 .0001
G000159995_2_490 7453 1 .0001
G000518365_1_503 7453 2 .0003
G000826085_2_513 7453 4 .0005
G000007105_1_515 7453 9 .0012
G001486165_1_541 7453 22 .003
G000413315_2_506 7453 1 .0001
G000379165_1_548 7453 2 .0003
G000210095_1_511 7453 3 .0004
G900095865_5_501 7453 3 .0004
G000828675_1_516 7453 3 .0004
G001899385_1_542 7453 16 .0021
G001429255_1_561 7453 2 .0003
G900103665_1_540 7453 8 .0011
G001486165_2_538 7453 30 .004
G000737865_3_557 7453 10 .0013
G001780955_1_532 7453 1 .0001
G001567515_1_504 7453 3 .0004
G000007105_2_537 7453 6 .0008
G900108495_1_526 7453 3 .0004
G001543345_5_508 7453 2 .0003
G001750165_4_539 7453 0 0
G000995995_1_533 7453 0 0
G001190745_2_581 7453 4 .0005
G001420715_7_583 7453 11 .0015
G000008565_3_536 7453 5 .0007
G000196455_2_555 7453 4 .0005
G000744935_11_534 7453 6 .0008
G001649715_3_553 7453 2 .0003
G000478685_4_572 7453 12 .0016
G001302425_1_591 7453 0 0
G000252445_4_566 7453 3 .0004
G000024025_3_524 7453 14 .0019
G000153185_4_543 7453 18 .0024
G001439135_1_478 7453 0 0
G001981925_1_564 7453 8 .0011
G000297775_5_579 7453 1 .0001
G001442515_2_577 7453 1 .0001
G000014185_1_531 7453 5 .0007
G000507865_1_554 7453 12 .0016
G000365025_1_571 7453 3 .0004
G000429925_1_602 7453 3 .0004
G001188545_4_523 7453 13 .0017
G000754275_2_551 7453 6 .0008
G000756225_3_545 7453 2 .0003
G000196135_2_514 7453 2 .0003
G000505725_1_535 7453 5 .0007
G000350305_1_573 7453 1 .0001
G001750165_2_592 7453 4 .0005
G000447295_3_550 7453 9 .0012
G001574675_3_544 7453 15 .002
G000828895_2_582 7453 4 .0005
G001544015_1_586 7453 4 .0005
G001027025_1_559 7453 2 .0003
G900095865_2_518 7453 2 .0003
G001677115_3_597 7453 8 .0011
G000264455_3_549 7453 17 .0023
G001642955_1_558 7453 0 0
G000968055_1_575 7453 2 .0003
G000153185_4_606 7453 29 .0039
G000172555_1_529 7453 2 .0003
G000024985_2_556 7453 0 0
G000007785_3_595 7453 15 .002
G000737865_1_584 7453 4 .0005
G000750535_6_598 7453 2 .0003
G000403295_2_578 7453 7 .0009
G000007625_1_588 7453 3 .0004
G000413315_2_569 7453 4 .0005
G000023325_2_525 7453 2 .0003
G001819135_1_590 7453 1 .0001
G001708965_1_593 7453 0 0
G001941945_4_547 7453 5 .0007
G000752095_1_574 7453 2 .0003
G000512895_1_563 7453 13 .0017
G000750535_4_596 7453 6 .0008
G000024305_1_608 7453 3 .0004
G001941055_1_562 7453 2 .0003
G000585375_1_560 7453 14 .0019
G000297775_1_610 7453 6 .0008
G000965745_1_570 7453 1 .0001
G000189775_1_580 7453 0 0
G001295795_1_599 7453 4 .0005
G000702485_2_594 7453 9 .0012
G001420715_8_611 7453 7 .0009
G000613065_1_603 7453 0 0
G001404055_1_567 7453 2 .0003
G000174415_1_552 7453 26 .0035
G000424265_1_565 7453 2 .0003
G001039275_6_587 7453 10 .0013
G001867005_3_612 7453 13 .0017
G000505725_1_585 7453 4 .0005
G000585155_6_615 7453 3 .0004
G001464715_1_613 7453 2 .0003
G001677115_1_576 7453 10 .0013
G000169375_1_616 7453 0 0
G001544015_2_568 7453 21 .0028
G000762265_1_601 7453 1 .0001
G000478685_4_617 7453 13 .0017
G000189775_3_618 7453 0 0
G001796355_1_609 7453 6 .0008
G000725165_1_604 7453 5 .0007
G001420855_8_605 7453 3 .0004
G000014005_1_600 7453 10 .0013
G001302585_2_589 7453 16 .0021
G001574675_1_614 7453 9 .0012
G000423585_1_625 7453 3 .0004
G000960475_1_607 7453 12 .0016
G000384135_2_626 7453 1 .0001
G000179255_1_632 7453 9 .0012
G001574865_4_623 7453 9 .0012
G000384135_2_621 7453 1 .0001
G000299355_3_631 7453 0 0
G001750165_9_646 7453 0 0
G000372165_1_622 7453 0 0
G001574675_1_639 7453 9 .0012
G000208405_3_636 7453 4 .0005
G000297775_4_642 7453 1 .0001
G000934685_2_667 7453 2 .0003
G000429925_1_663 7453 2 .0003
G000702485_5_653 7453 2 .0003
G000299355_5_629 7453 25 .0034
G000313385_3_630 7453 9 .0012
G900095865_4_652 7453 4 .0005
G000711955_1_682 7453 0 0
G000297775_1_640 7453 9 .0012
G000989525_1_627 7453 2 .0003
G000264455_3_647 7453 4 .0005
G001543345_6_641 7453 0 0
G001677115_2_679 7453 14 .0019
G000091985_1_651 7453 2 .0003
G900095865_2_666 7453 6 .0008
G000299355_2_648 7453 3 .0004
G000260965_2_637 7453 11 .0015
G001750165_1_696 7453 0 0
G000478685_1_686 7453 25 .0034
G000379985_1_638 7453 9 .0012
G000744935_10_681 7453 7 .0009
G000384135_3_700 7453 0 0
G000297775_3_628 7453 1 .0001
G001558935_6_673 7453 6 .0008
G900106575_1_661 7453 0 0
G000473145_2_684 7453 19 .0025
G000828675_1_693 7453 2 .0003
G000252445_2_670 7453 2 .0003
G001302585_3_643 7453 9 .0012
G001749745_2_619 7453 3 .0004
G000238395_1_677 7453 5 .0007
G001420855_1_656 7453 0 0
G001899145_1_690 7453 5 .0007
G000299355_4_620 7453 5 .0007
G001302585_1_680 7453 2 .0003
G000007185_1_657 7453 7 .0009
G001818625_1_701 7453 1 .0001
G000297775_6_714 7453 1 .0001
G000413315_1_649 7453 6 .0008
G900142205_1_718 7453 20 .0027
G000518365_3_683 7453 3 .0004
G001420715_4_662 7453 14 .0019
G000473145_3_658 7453 17 .0023
G001574865_3_711 7453 9 .0012
G000091565_3_669 7453 16 .0021
G000585155_1_729 7453 1 .0001
G001580025_1_691 7453 22 .003
G001486165_3_703 7453 3 .0004
G000507845_1_635 7453 8 .0011
G000501155_1_674 7453 8 .0011
G001750165_2_704 7453 14 .0019
G001574865_2_708 7453 10 .0013
G001039275_5_728 7453 4 .0005
G000235505_1_689 7453 2 .0003
G000016165_6_664 7453 2 .0003
G001188545_1_672 7453 0 0
G001750165_3_671 7453 2 .0003
G000156595_1_706 7453 7 .0009
G001039275_4_692 7453 2 .0003
G000299355_4_645 7453 2 .0003
G000507865_1_688 7453 6 .0008
G000014245_1_685 7453 7 .0009
G000007105_2_624 7453 3 .0004
G001574675_3_650 7453 10 .0013
G001580025_1_644 7453 14 .0019
G001750165_3_707 7453 21 .0028
G000297775_1_724 7453 1 .0001
G001774275_1_720 7453 1 .0001
G001039275_2_659 7453 2 .0003
G000507865_2_712 7453 3 .0004
G000585375_1_723 7453 5 .0007
G000208405_2_705 7453 4 .0005
G000170795_5_735 7453 4 .0005
G000526635_1_633 7453 5 .0007
G000768705_1_698 7453 8 .0011
G000252445_5_721 7453 3 .0004
G000968055_2_675 7453 2 .0003
G000301055_2_654 7453 12 .0016
G001867005_2_665 7453 10 .0013
G000170795_3_722 7453 2 .0003
G000737865_3_655 7453 9 .0012
G000756225_3_695 7453 1 .0001
G000992445_1_709 7453 7 .0009
G000413315_4_736 7453 1 .0001
G001486165_1_731 7453 6 .0008
G001591605_1_702 7453 21 .0028
G000179615_5_716 7453 17 .0023
G900105065_2_699 7453 7 .0009
G000507845_1_717 7453 7 .0009
G001867005_3_739 7453 11 .0015
G001039275_7_634 7453 6 .0008
G001049735_1_730 7453 10 .0013
G000744935_2_676 7453 9 .0012
G000635595_1_746 7453 16 .0021
G000021885_2_732 7453 1 .0001
G001424785_1_734 7453 1 .0001
G000170895_1_660 7453 0 0
G000252445_1_668 7453 5 .0007
G900105065_1_738 7453 4 .0005
G000750535_6_715 7453 1 .0001
G000719335_1_713 7453 6 .0008
G000315465_1_743 7453 1 .0001
G000423585_1_742 7453 7 .0009
G000024025_2_697 7453 6 .0008
G001596795_1_687 7453 6 .0008
G000301055_2_694 7453 9 .0012
G000821105_2_745 7453 7 .0009
G001543345_7_737 7453 0 0
G000016165_3_750 7453 0 0
G001677115_2_740 7453 14 .0019
G000297775_2_727 7453 1 .0001
G000736515_1_678 7453 18 .0024
G001822865_1_748 7453 0 0
G000403455_2_744 7453 13 .0017
G001604585_1_710 7453 2 .0003
G000762265_2_719 7453 2 .0003
G001886435_2_761 7453 6 .0008
G001825665_1_726 7453 3 .0004
G001263205_2_725 7453 4 .0005
G000621485_1_751 7453 2 .0003
G000014865_1_747 7453 2 .0003
G001439135_1_760 7453 6 .0008
G001583415_2_741 7453 10 .0013
G001867005_1_749 7453 6 .0008
G000744935_5_752 7453 6 .0008
G001784565_1_787 7453 0 0
G001535965_1_780 7453 2 .0003
G000299355_3_779 7453 11 .0015
G001941945_5_765 7453 9 .0012
G001442515_2_733 7453 4 .0005
G000252445_1_755 7453 36 .0048
G000980895_1_766 7453 8 .0011
G000021885_3_813 7453 4 .0005
G900142285_1_791 7453 2 .0003
G000021885_6_758 7453 1 .0001
G001263205_2_772 7453 3 .0004
G001886435_4_786 7453 2 .0003
G000754275_3_838 7453 6 .0008
G001420715_8_790 7453 19 .0025
G000752095_2_817 7453 2 .0003
G000478685_2_764 7453 14 .0019
G000702485_3_781 7453 3 .0004
G000970465_1_768 7453 4 .0005
G000020725_2_794 7453 1 .0001
G001544015_2_767 7453 8 .0011
G000403295_2_821 7453 7 .0009
G000496595_1_796 7453 1 .0001
G000301055_2_775 7453 11 .0015
G000967895_2_800 7453 21 .0028
G001773775_1_777 7453 2 .0003
G000877395_1_762 7453 1 .0001
G000265295_1_784 7453 2 .0003
G000237805_1_788 7453 0 0
G001708935_1_822 7453 10 .0013
G001696955_1_776 7453 15 .002
G000179615_7_816 7453 17 .0023
G000413315_1_814 7453 5 .0007
G000585155_3_773 7453 3 .0004
G000754275_2_769 7453 7 .0009
G000091985_2_826 7453 1 .0001
G001596795_1_759 7453 2 .0003
G000701725_1_797 7453 6 .0008
G000286395_1_795 7453 0 0
G001420855_10_753 7453 3 .0004
G001656195_1_831 7453 12 .0016
G001558935_4_782 7453 9 .0012
G001039275_1_803 7453 9 .0012
G000995995_1_778 7453 0 0
G000016165_3_812 7453 1 .0001
G001188545_2_770 7453 0 0
G000024025_3_754 7453 7 .0009
G001886435_4_836 7453 2 .0003
G000020945_1_811 7453 0 0
G000442315_1_799 7453 3 .0004
G000220585_1_798 7453 13 .0017
G000252445_4_757 7453 2 .0003
G001818735_1_809 7453 2 .0003
G001014645_1_783 7453 9 .0012
G000210095_1_848 7453 4 .0005
G001434705_1_859 7453 16 .0021
G000375545_1_840 7453 13 .0017
G000189775_3_828 7453 0 0
G000170795_3_851 7453 23 .0031
G000737865_1_806 7453 1 .0001
G000585375_3_802 7453 10 .0013
G000445425_1_829 7453 1 .0001
G001708965_1_785 7453 23 .0031
G001497255_1_841 7453 5 .0007
G001941945_4_858 7453 28 .0038
G001188545_4_856 7453 0 0
G000179615_6_789 7453 4 .0005
G000821105_1_832 7453 7 .0009
G000752095_2_850 7453 4 .0005
G000754275_6_805 7453 4 .0005
G000725165_1_804 7453 5 .0007
G000189775_1_844 7453 0 0
G000413315_3_792 7453 1 .0001
G000762265_1_807 7453 1 .0001
G001420855_9_763 7453 0 0
G000092225_2_820 7453 16 .0021
G000515395_1_837 7453 14 .0019
G001420715_3_849 7453 7 .0009
G000169395_1_833 7453 5 .0007
G000023705_2_846 7453 4 .0005
G000754275_2_815 7453 3 .0004
G000007785_1_853 7453 18 .0024
G900116345_1_870 7453 0 0
G000014865_2_854 7453 29 .0039
G001580025_1_867 7453 10 .0013
G000092225_1_774 7453 6 .0008
G001420855_9_771 7453 3 .0004
G002011685_1_793 7453 16 .0021
G001750165_5_869 7453 4 .0005
G001434705_1_875 7453 16 .0021
G000989525_1_808 7453 2 .0003
G001190745_1_863 7453 0 0
G900113975_1_823 7453 9 .0012
G001486165_1_756 7453 3 .0004
G000016165_4_857 7453 1 .0001
G001574675_1_864 7453 11 .0015
G001190745_3_835 7453 4 .0005
G000023705_2_874 7453 0 0
G000380085_1_861 7453 5 .0007
G900113695_1_852 7453 14 .0019
G000023865_3_855 7453 27 .0036
G000826085_1_810 7453 16 .0021
G000478685_2_866 7453 20 .0027
G000196135_1_839 7453 2 .0003
G000821105_1_801 7453 0 0
G000496595_3_862 7453 7 .0009
G000507845_1_871 7453 1 .0001
G001708935_1_827 7453 11 .0015
G000179615_3_842 7453 1 .0001
G001591605_1_882 7453 21 .0028
G000931935_1_847 7453 1 .0001
G001867005_1_825 7453 12 .0016
G000024025_3_891 7453 1 .0001
G000174415_1_818 7453 21 .0028
G001543345_10_819 7453 0 0
G000423605_1_883 7453 10 .0013
G000315465_3_865 7453 3 .0004
G000763805_1_899 7453 30 .004
G001784435_1_834 7453 0 0
G000210095_1_845 7453 4 .0005
G001420715_4_830 7453 5 .0007
G001750165_12_887 7453 3 .0004
G001677115_3_879 7453 9 .0012
G001886435_4_900 7453 2 .0003
G000090965_1_873 7453 32 .0043
G000429665_1_890 7453 13 .0017
G000702485_6_876 7453 2 .0003
G000196455_3_824 7453 6 .0008
G000934685_1_877 7453 2 .0003
G900115225_1_892 7453 17 .0023
G001039275_7_886 7453 4 .0005
G000189775_2_895 7453 0 0
G000252445_3_843 7453 1 .0001
G000375545_1_872 7453 6 .0008
G000754275_6_893 7453 5 .0007
G000744935_9_868 7453 15 .002
G900128965_1_881 7453 2 .0003
G000008565_3_885 7453 1 .0001
G001543345_5_897 7453 0 0
G000007105_1_909 7453 1 .0001
G000158315_1_888 7453 3 .0004
G000967895_2_898 7453 19 .0025
G001294525_1_901 7453 3 .0004
G000478685_2_907 7453 11 .0015
G000008565_3_905 7453 2 .0003
G000750535_4_880 7453 2 .0003
G000635595_1_878 7453 3 .0004
G001497255_1_915 7453 5 .0007
G000768875_1_933 7453 1 .0001
G001039275_7_884 7453 4 .0005
G000021885_3_913 7453 6 .0008
G000648015_1_964 7453 11 .0015
G000170795_2_904 7453 5 .0007
G001677115_2_959 7453 11 .0015
G001780955_1_912 7453 1 .0001
G000507845_2_935 7453 0 0
G000170795_5_952 7453 22 .003
G000775285_1_903 7453 5 .0007
G001749745_1_860 7453 3 .0004
G001188545_4_908 7453 0 0
G001713375_2_919 7453 8 .0011
G000196455_1_940 7453 4 .0005
G000758845_1_925 7453 5 .0007
G000297775_1_936 7453 8 .0011
G000750535_5_929 7453 11 .0015
G001005825_1_927 7453 2 .0003
G000931935_1_991 7453 2 .0003
G001771535_1_953 7453 0 0
G000091985_2_917 7453 5 .0007
G001784565_1_916 7453 0 0
G000208405_1_906 7453 2 .0003
G001023575_1_923 7453 2 .0003
G000007785_1_938 7453 1 .0001
G000016165_7_972 7453 2 .0003
G900105105_2_966 7453 8 .0011
G000967895_2_924 7453 1 .0001
G000016165_2_962 7453 4 .0005
G000725165_2_954 7453 5 .0007
G001941945_4_943 7453 1 .0001
G000007625_6_971 7453 9 .0012
G000740865_1_942 7453 0 0
G001543345_3_978 7453 0 0
G000023925_1_973 7453 6 .0008
G000016165_6_968 7453 1 .0001
G001825665_1_957 7453 1 .0001
G000023925_2_949 7453 12 .0016
G001420855_13_997 7453 0 0
G001649715_3_902 7453 0 0
G001543345_8_941 7453 0 0
G000024985_2_981 7453 0 0
G000967895_5_965 7453 1 .0001
G001774275_1_894 7453 1 .0001
G000170795_3_955 7453 4 .0005
G001592745_1_989 7453 2 .0003
G000750535_3_983 7453 4 .0005
G000687735_1_922 7453 1 .0001
G000821105_1_939 7453 4 .0005
G001749745_1_958 7453 5 .0007
G001543345_11_950 7453 1 .0001
G001188545_2_1001 7453 1 .0001
G000762265_2_944 7453 3 .0004
G000007185_1_921 7453 1 .0001
G000159995_2_896 7453 3 .0004
G000384135_2_961 7453 4 .0005
G000145555_1_982 7453 1 .0001
G000403455_3_947 7453 3 .0004
G000967895_3_945 7453 5 .0007
G000875945_1_984 7453 5 .0007
G000756225_3_960 7453 2 .0003
G001867005_4_937 7453 3 .0004
G000445425_1_956 7453 4 .0005
G000252445_4_910 7453 2 .0003
G000014005_1_889 7453 1 .0001
G001188545_3_948 7453 0 0
G000090965_1_980 7453 53 .0071
G000422305_1_974 7453 3 .0004
G001766815_1_1003 7453 0 0
G001188545_4_932 7453 0 0
G900097105_1_911 7453 3 .0004
G000189775_5_920 7453 0 0
G000995995_1_934 7453 24 .0032
G001941055_1_928 7453 1 .0001
G000505725_1_970 7453 2 .0003
G000762045_1_1014 7453 8 .0011
G000014245_1_1000 7453 6 .0008
G001649715_3_1010 7453 23 .0031
G000583695_1_931 7453 4 .0005
G000169395_1_979 7453 11 .0015
G001420715_6_990 7453 7 .0009
G000091565_6_969 7453 2 .0003
G000403295_1_1004 7453 6 .0008
G900105065_2_926 7453 7 .0009
G000524475_1_992 7453 7 .0009
G900120165_2_967 7453 4 .0005
G000013105_1_995 7453 5 .0007
G000369145_1_999 7453 11 .0015
G000024325_2_914 7453 0 0
G000564995_1_951 7453 5 .0007
G001574865_2_918 7453 12 .0016
G000762265_1_993 7453 1 .0001
G000218765_1_1009 7453 3 .0004
G001886435_4_1017 7453 15 .002
G000336495_1_996 7453 1 .0001
G000507845_2_988 7453 5 .0007
G900095865_5_975 7453 3 .0004
G000332175_1_1013 7453 1 .0001
G001568365_1_946 7453 3 .0004
G000752095_7_1016 7453 2 .0003
G001004055_1_930 7453 1 .0001
G001543345_9_1008 7453 0 0
G000196455_6_985 7453 6 .0008
G001750165_4_963 7453 7 .0009
G001780955_1_1012 7453 1 .0001
G000235505_2_1026 7453 14 .0019
G001750165_8_1020 7453 0 0
G000016165_6_994 7453 4 .0005
G000008565_3_1024 7453 4 .0005
G000768875_1_987 7453 0 0
G001420855_12_976 7453 3 .0004
G900112255_1_1036 7453 10 .0013
G000014245_1_1021 7453 38 .0051
G000020725_3_986 7453 3 .0004
G000023865_1_1007 7453 1 .0001
G000934685_2_1048 7453 3 .0004
G000752215_1_1011 7453 1 .0001
G001039275_4_1002 7453 8 .0011
G001794605_1_1019 7453 15 .002
G000375545_1_1023 7453 24 .0032
G000447295_2_998 7453 5 .0007
G001497255_1_1022 7453 2 .0003
G000429665_1_1018 7453 2 .0003
G900108495_1_977 7453 0 0
G900116345_1_1029 7453 0 0
G000415945_1_1027 7453 7 .0009
G000092225_2_1015 7453 0 0
G000754275_6_1032 7453 2 .0003
G001867005_1_1045 7453 14 .0019
G000007785_2_1005 7453 1 .0001
G001279985_1_1055 7453 18 .0024
G000403295_3_1030 7453 16 .0021
G000737705_1_1057 7453 11 .0015
G000620165_1_1065 7453 1 .0001
G000648015_1_1040 7453 6 .0008
G000024025_3_1037 7453 6 .0008
G000091565_2_1073 7453 17 .0023
G000429925_1_1071 7453 4 .0005
G000252445_2_1025 7453 3 .0004
G900095865_4_1034 7453 2 .0003
G000503835_1_1028 7453 2 .0003
G000017545_1_1006 7453 0 0
G001899145_1_1056 7453 0 0
G000968055_1_1050 7453 1 .0001
G000025885_2_1041 7453 0 0
G000478685_2_1064 7453 25 .0034
G000179615_10_1054 7453 25 .0034
G000762045_1_1031 7453 16 .0021
G000758845_1_1060 7453 0 0
G001544015_1_1053 7453 6 .0008
G001824255_1_1051 7453 7 .0009
G000208405_1_1074 7453 4 .0005
G000507865_1_1084 7453 1 .0001
G000760215_1_1042 7453 10 .0013
G900116345_1_1081 7453 2 .0003
G000752095_4_1075 7453 2 .0003
G000008565_3_1069 7453 1 .0001
G001515215_1_1062 7453 0 0
G900116345_1_1033 7453 9 .0012
G000014865_2_1038 7453 8 .0011
G000967895_3_1070 7453 9 .0012
G900097105_3_1068 7453 3 .0004
G000350305_1_1043 7453 1 .0001
G001188545_3_1035 7453 0 0
G000737705_1_1079 7453 8 .0011
G001535965_1_1044 7453 14 .0019
G000424265_1_1052 7453 9 .0012
G001302585_2_1092 7453 6 .0008
G001596795_1_1108 7453 3 .0004
G000152145_1_1058 7453 2 .0003
G001049735_1_1046 7453 4 .0005
G000023865_2_1080 7453 8 .0011
G001784565_1_1059 7453 1 .0001
G000498475_1_1066 7453 12 .0016
G000007785_2_1091 7453 8 .0011
G001677115_3_1125 7453 4 .0005
G001789085_1_1047 7453 5 .0007
G000403455_2_1077 7453 1 .0001
G001464715_1_1096 7453 15 .002
G000967895_5_1107 7453 0 0
G000501155_1_1099 7453 1 .0001
G000762265_1_1095 7453 1 .0001
G001750165_10_1093 7453 7 .0009
G002002625_1_1087 7453 4 .0005
G000447295_3_1102 7453 0 0
G000170795_2_1123 7453 5 .0007
G000752095_7_1118 7453 2 .0003
G000744935_3_1097 7453 9 .0012
G000313385_1_1133 7453 1 .0001
G001543345_4_1112 7453 0 0
G000264455_3_1089 7453 2 .0003
G000007625_4_1131 7453 0 0
G001819135_1_1098 7453 1 .0001
G000013105_1_1129 7453 11 .0015
G001408335_1_1100 7453 1 .0001
G000585375_3_1120 7453 12 .0016
G001642955_1_1115 7453 0 0
G000025725_1_1078 7453 21 .0028
G900107585_1_1117 7453 13 .0017
G001867005_2_1049 7453 14 .0019
G000332175_2_1137 7453 20 .0027
G001769115_1_1104 7453 0 0
G001439965_1_1085 7453 20 .0027
G000379225_1_1082 7453 0 0
G000403295_2_1124 7453 5 .0007
G001543345_10_1067 7453 0 0
G000518365_2_1039 7453 7 .0009
G000518365_1_1083 7453 10 .0013
G001941945_3_1114 7453 1 .0001
G001899385_1_1106 7453 21 .0028
G000196455_6_1139 7453 10 .0013
G000007785_4_1127 7453 11 .0015
G000821105_1_1105 7453 3 .0004
G001773725_1_1122 7453 0 0
G000512895_2_1103 7453 17 .0023
G001941945_1_1076 7453 1 .0001
G001602645_1_1126 7453 0 0
G000526635_1_1157 7453 9 .0012
G001543345_4_1094 7453 2 .0003
G000403295_1_1119 7453 3 .0004
G000297775_6_1153 7453 1 .0001
G001188545_4_1150 7453 0 0
G000169375_1_1130 7453 4 .0005
G001435325_1_1148 7453 1 .0001
G001424785_1_1072 7453 8 .0011
G000024985_1_1109 7453 0 0
G000016565_2_1154 7453 8 .0011
G001619695_1_1061 7453 13 .0017
G000967895_5_1113 7453 5 .0007
G000737705_1_1163 7453 7 .0009
G000024025_2_1121 7453 23 .0031
G000725165_2_1132 7453 6 .0008
G001279985_1_1111 7453 13 .0017
G000702485_4_1088 7453 3 .0004
G000828895_2_1063 7453 1 .0001
G000447295_1_1101 7453 8 .0011
G000299355_2_1141 7453 12 .0016
G000297775_5_1116 7453 10 .0013
G001486165_1_1135 7453 4 .0005
G000828895_2_1158 7453 12 .0016
G001788225_1_1142 7453 3 .0004
G000007625_4_1159 7453 9 .0012
G000501155_1_1090 7453 6 .0008
G900107465_1_1086 7453 1 .0001
G001402855_1_1128 7453 6 .0008
G000007625_2_1149 7453 6 .0008
G001442515_2_1145 7453 3 .0004
G000179615_3_1160 7453 9 .0012
G001750165_12_1164 7453 6 .0008
G000159995_2_1189 7453 55 .0074
G001420715_5_1140 7453 0 0
G000169375_1_1134 7453 9 .0012
G900120165_2_1168 7453 5 .0007
G000016165_2_1138 7453 1 .0001
G000518365_3_1110 7453 16 .0021
G000725165_2_1210 7453 0 0
G900095865_3_1136 7453 2 .0003
G000179615_10_1165 7453 0 0
G000265295_2_1175 7453 1 .0001
G000021885_2_1171 7453 7 .0009
G000189775_1_1170 7453 0 0
G000024985_2_1143 7453 0 0
G000411555_4_1179 7453 1 .0001
G000403455_1_1151 7453 18 .0024
G000195855_1_1169 7453 10 .0013
G000507865_2_1177 7453 3 .0004
G001435325_1_1146 7453 4 .0005
G001263205_1_1144 7453 0 0
G000238395_1_1206 7453 6 .0008
G000299355_4_1184 7453 4 .0005
G000159995_1_1182 7453 7 .0009
G001190745_2_1162 7453 4 .0005
G000702485_3_1187 7453 3 .0004
G000383295_1_1152 7453 2 .0003
G000264455_3_1181 7453 1 .0001
G000091565_2_1205 7453 11 .0015
G000769915_1_1240 7453 0 0
G001420715_7_1173 7453 7 .0009
G000023705_2_1231 7453 2 .0003
G900092135_1_1188 7453 4 .0005
G000024025_3_1155 7453 14 .0019
G000365025_1_1180 7453 20 .0027
G002002625_1_1191 7453 4 .0005
G900092135_1_1229 7453 3 .0004
G001486165_2_1156 7453 3 .0004
G001784565_1_1166 7453 1 .0001
G001426965_1_1216 7453 9 .0012
G000710615_1_1203 7453 8 .0011
G001750165_3_1215 7453 2 .0003
G000403455_2_1207 7453 0 0
G001543345_11_1223 7453 0 0
G001486165_1_1197 7453 1 .0001
G000379165_1_1209 7453 1 .0001
G000752095_4_1192 7453 9 .0012
G001602645_1_1232 7453 2 .0003
G001434705_1_1172 7453 18 .0024
G000023705_2_1178 7453 10 .0013
G001867005_1_1174 7453 9 .0012
G001592185_1_1186 7453 5 .0007
G000007105_1_1225 7453 20 .0027
G000368825_5_1236 7453 12 .0016
G000007625_2_1161 7453 12 .0016
G000687735_1_1193 7453 1 .0001
G001014645_1_1199 7453 6 .0008
G900110585_1_1195 7453 14 .0019
G000299355_1_1214 7453 2 .0003
G900092135_1_1237 7453 9 .0012
G001302425_1_1213 7453 0 0
G000196455_3_1228 7453 4 .0005
G000246945_1_1224 7453 2 .0003
G000007625_1_1190 7453 4 .0005
G001558935_1_1222 7453 27 .0036
G000987765_1_1185 7453 1 .0001
G000496595_1_1221 7453 1 .0001
G001642955_1_1183 7453 2 .0003
G900107465_1_1196 7453 1 .0001
G000017545_2_1167 7453 1 .0001
G000313385_2_1218 7453 2 .0003
G000615945_1_1239 7453 18 .0024
G000252445_4_1244 7453 3 .0004
G001317355_1_1219 7453 2 .0003
G000620165_1_1200 7453 1 .0001
G001867005_1_1230 7453 10 .0013
G000737865_1_1249 7453 6 .0008
G000752215_1_1201 7453 1 .0001
G000752215_1_1238 7453 1 .0001
G000965745_1_1211 7453 1 .0001
G000725165_1_1273 7453 5 .0007
G000090965_1_1220 7453 17 .0023
G900103665_1_1243 7453 1 .0001
G001424785_1_1147 7453 8 .0011
G001544015_1_1176 7453 15 .002
G000737705_1_1241 7453 8 .0011
G000750535_2_1212 7453 2 .0003
G000965745_1_1242 7453 2 .0003
G001017655_1_1208 7453 0 0
G000754275_5_1252 7453 2 .0003
G000585155_7_1226 7453 1 .0001
G000960475_1_1246 7453 6 .0008
G000737865_3_1276 7453 0 0
G000585155_3_1194 7453 1 .0001
G900095865_3_1250 7453 3 .0004
G000934685_3_1234 7453 3 .0004
G001596795_1_1251 7453 5 .0007
G000442315_1_1261 7453 12 .0016
G000170795_4_1265 7453 6 .0008
G000711955_1_1268 7453 2 .0003
G000350305_1_1278 7453 1 .0001
G000621405_1_1248 7453 6 .0008
G000007785_2_1217 7453 1 .0001
G001784565_1_1227 7453 1 .0001
G001263205_4_1283 7453 0 0
G000710615_1_1233 7453 0 0
G001420855_11_1260 7453 17 .0023
G900107465_1_1202 7453 1 .0001
G001544015_2_1257 7453 10 .0013
G001543345_1_1198 7453 2 .0003
G001402855_2_1204 7453 0 0
G000170795_4_1288 7453 6 .0008
G001780955_1_1262 7453 0 0
G001426965_1_1266 7453 22 .003
G000297775_6_1285 7453 4 .0005
G000348805_1_1289 7453 0 0
G001544015_2_1264 7453 8 .0011
G000512895_3_1296 7453 1 .0001
G000016165_8_1255 7453 1 .0001
G000512895_4_1275 7453 7 .0009
G000332275_2_1247 7453 2 .0003
G000007625_4_1271 7453 9 .0012
G000210095_1_1235 7453 5 .0007
G000179615_9_1269 7453 9 .0012
G001017655_1_1277 7453 7 .0009
G000332275_1_1292 7453 11 .0015
G000960475_1_1287 7453 6 .0008
G001420715_5_1282 7453 11 .0015
G001543345_4_1253 7453 0 0
G000583695_1_1245 7453 9 .0012
G001825665_1_1267 7453 7 .0009
G000737865_1_1310 7453 12 .0016
G900142205_1_1319 7453 11 .0015
G000411555_3_1270 7453 1 .0001
G000017545_1_1274 7453 0 0
G001676615_1_1297 7453 14 .0019
G000965745_1_1301 7453 2 .0003
G000315465_3_1307 7453 1 .0001
G001780955_1_1291 7453 1 .0001
G000260965_3_1309 7453 3 .0004
G000158315_1_1286 7453 0 0
G000265295_1_1290 7453 2 .0003
G000092225_1_1303 7453 13 .0017
G000016165_6_1279 7453 10 .0013
G900111835_1_1256 7453 14 .0019
G001795505_1_1312 7453 1 .0001
G000934685_3_1302 7453 2 .0003
G000965745_1_1272 7453 2 .0003
G000299355_6_1314 7453 6 .0008
G001886435_5_1306 7453 11 .0015
G000264455_4_1311 7453 2 .0003
G000299355_4_1299 7453 7 .0009
G000758845_1_1295 7453 5 .0007
G000007785_3_1327 7453 7 .0009
G900105065_1_1293 7453 9 .0012
G000016165_5_1263 7453 1 .0001
G000020945_2_1330 7453 0 0
G001421995_1_1322 7453 14 .0019
G000992445_1_1284 7453 12 .0016
G900095865_3_1281 7453 5 .0007
G001420855_8_1254 7453 7 .0009
G000328945_1_1337 7453 3 .0004
G000585155_2_1259 7453 1 .0001
G900092135_1_1258 7453 8 .0011
G000473145_4_1315 7453 6 .0008
G001317355_1_1308 7453 9 .0012
G001420855_8_1321 7453 14 .0019
G001420715_8_1320 7453 8 .0011
G000016165_5_1317 7453 19 .0025
G000313385_2_1298 7453 9 .0012
G001486165_3_1280 7453 2 .0003
G000024985_1_1325 7453 1 .0001
G001899145_1_1305 7453 9 .0012
G900110045_1_1357 7453 7 .0009
G000744935_7_1333 7453 9 .0012
G000403295_3_1304 7453 8 .0011
G000371925_1_1326 7453 2 .0003
G001543345_11_1334 7453 0 0
G001420715_1_1294 7453 11 .0015
G000744935_6_1335 7453 5 .0007
G000756225_3_1313 7453 7 .0009
G000170795_2_1340 7453 8 .0011
G000750535_6_1300 7453 0 0
G001420855_7_1354 7453 10 .0013
G000737865_1_1339 7453 3 .0004
G000368825_2_1329 7453 7 .0009
G000297775_4_1388 7453 7 .0009
G000208405_3_1352 7453 19 .0025
G000023325_2_1318 7453 0 0
G001886435_5_1360 7453 2 .0003
G000428465_1_1338 7453 3 .0004
G001302585_2_1346 7453 9 .0012
G000737865_3_1350 7453 5 .0007
G001872335_1_1323 7453 2 .0003
G001749745_1_1365 7453 5 .0007
G000179615_2_1332 7453 2 .0003
G000754275_1_1331 7453 4 .0005
G900106575_1_1410 7453 2 .0003
G900103665_1_1367 7453 1 .0001
G000368825_4_1366 7453 3 .0004
G000415945_1_1336 7453 5 .0007
G000710615_1_1349 7453 0 0
G000687735_1_1316 7453 2 .0003
G000512895_1_1324 7453 1 .0001
G001750165_8_1396 7453 7 .0009
G000686005_1_1374 7453 6 .0008
G001822865_1_1361 7453 0 0
G001899145_1_1343 7453 2 .0003
G000014865_2_1356 7453 11 .0015
G000315465_1_1362 7453 10 .0013
G001442515_2_1385 7453 1 .0001
G000752095_1_1370 7453 1 .0001
G000286395_1_1384 7453 10 .0013
G001788225_1_1369 7453 2 .0003
G000007625_6_1393 7453 0 0
G001039275_7_1344 7453 3 .0004
G000620625_1_1328 7453 13 .0017
G000017865_1_1342 7453 1 .0001
G000800295_2_1378 7453 6 .0008
G001750165_8_1348 7453 6 .0008
G001420715_5_1347 7453 7 .0009
G001188545_3_1421 7453 0 0
G000518365_2_1387 7453 15 .002
G001774295_1_1345 7453 2 .0003
G001766815_1_1355 7453 0 0
G000585155_6_1402 7453 3 .0004
G000420485_1_1368 7453 1 .0001
G001399795_1_1392 7453 2 .0003
G000422725_1_1364 7453 0 0
G000411555_3_1386 7453 1 .0001
G000014865_3_1359 7453 4 .0005
G000260965_1_1399 7453 1 .0001
G001420855_6_1341 7453 7 .0009
G000875945_1_1383 7453 8 .0011
G000301055_2_1394 7453 9 .0012
G000297775_6_1391 7453 4 .0005
G000415945_1_1412 7453 13 .0017
G001027025_1_1395 7453 4 .0005
G001484965_1_1372 7453 1 .0001
G000196455_3_1405 7453 4 .0005
G001188545_3_1375 7453 0 0
G000169395_2_1381 7453 19 .0025
G001941055_1_1377 7453 4 .0005
G001442515_1_1413 7453 1 .0001
G001420855_3_1376 7453 3 .0004
G000016165_1_1414 7453 1 .0001
G000016165_3_1406 7453 2 .0003
G001749745_2_1397 7453 5 .0007
G001574865_1_1417 7453 1 .0001
G000752215_1_1351 7453 2 .0003
G001188545_4_1389 7453 0 0
G000989525_1_1408 7453 3 .0004
G000615945_1_1401 7453 5 .0007
G000174415_2_1373 7453 15 .002
G000744935_2_1409 7453 5 .0007
G000967895_2_1382 7453 1 .0001
G000091985_2_1358 7453 6 .0008
G000621485_1_1411 7453 1 .0001
G000744935_3_1353 7453 7 .0009
G000428465_1_1448 7453 11 .0015
G000297775_4_1419 7453 3 .0004
G001822865_1_1379 7453 0 0
G000024025_1_1424 7453 1 .0001
G000179615_3_1398 7453 4 .0005
G001749745_1_1449 7453 3 .0004
G000007625_3_1438 7453 4 .0005
G900107585_1_1418 7453 21 .0028
G000014865_2_1420 7453 13 .0017
G000737705_1_1440 7453 6 .0008
G000733765_1_1415 7453 11 .0015
G000750535_1_1403 7453 2 .0003
G001543345_10_1432 7453 0 0
G000415945_1_1447 7453 8 .0011
G001420855_9_1422 7453 0 0
G001649715_1_1431 7453 2 .0003
G001420855_7_1390 7453 3 .0004
G001696955_1_1404 7453 4 .0005
G001656215_1_1380 7453 12 .0016
G900107465_1_1436 7453 6 .0008
G001420715_1_1407 7453 18 .0024
G001464715_1_1371 7453 0 0
G000007105_2_1416 7453 2 .0003
G000429665_1_1444 7453 1 .0001
G001941945_3_1439 7453 9 .0012
G001543345_7_1430 7453 0 0
G001750165_3_1400 7453 6 .0008
G000965745_1_1460 7453 1 .0001
G001027025_2_1466 7453 2 .0003
G000179615_3_1452 7453 12 .0016
G000169395_2_1425 7453 6 .0008
G000008565_1_1363 7453 1 .0001
G000208405_1_1471 7453 4 .0005
G000008565_3_1437 7453 4 .0005
G000429305_1_1428 7453 4 .0005
G001302585_1_1451 7453 14 .0019
G900110045_1_1435 7453 6 .0008
G000585375_1_1454 7453 10 .0013
G001696955_1_1427 7453 10 .0013
G001642955_1_1445 7453 0 0
G900116345_1_1470 7453 0 0
G000740855_1_1441 7453 1 .0001
G000169375_1_1442 7453 1 .0001
G000967895_4_1446 7453 18 .0024
G001773725_1_1426 7453 0 0
G001420855_8_1463 7453 0 0
G000179615_1_1468 7453 0 0
G000379165_1_1467 7453 1 .0001
G001899385_1_1455 7453 16 .0021
G000613065_1_1462 7453 38 .0051
G000375545_1_1458 7453 0 0
G001784565_1_1461 7453 2 .0003
G000507865_1_1457 7453 6 .0008
G000413315_3_1464 7453 5 .0007
G000413315_4_1429 7453 4 .0005
G000737865_3_1472 7453 12 .0016
G000299365_1_1433 7453 4 .0005
G001792215_1_1434 7453 2 .0003
G000210095_1_1475 7453 29 .0039
G000752095_3_1450 7453 0 0
G000411555_2_1423 7453 1 .0001
G001420855_11_1459 7453 0 0
G900092135_1_1453 7453 2 .0003
G000737705_1_1456 7453 6 .0008
G000368825_5_1473 7453 4 .0005
G000620625_1_1474 7453 7 .0009
G001656195_1_1489 7453 2 .0003
G001774295_1_1469 7453 3 .0004
G001649715_1_1482 7453 2 .0003
G000017865_1_1483 7453 3 .0004
G001543345_10_1443 7453 0 0
G001484965_1_1478 7453 15 .002
G000007785_3_1479 7453 6 .0008
G000020945_2_1465 7453 0 0
G000313385_1_1487 7453 8 .0011
G000423605_1_1500 7453 13 .0017
G000023705_1_1477 7453 1 .0001
G900113975_1_1492 7453 5 .0007
G000415945_1_1502 7453 0 0
G001188545_3_1499 7453 0 0
G000021885_5_1491 7453 3 .0004
G000024025_1_1496 7453 7 .0009
G000021885_6_1505 7453 2 .0003
G000821105_3_1490 7453 4 .0005
G900114975_1_1486 7453 1 .0001
G001780955_1_1497 7453 1 .0001
G000967895_3_1480 7453 15 .002
G000208405_2_1476 7453 2 .0003
G000299935_1_1485 7453 13 .0017
G000017545_2_1481 7453 0 0
G000179615_8_1494 7453 4 .0005
G001708985_1_1498 7453 1 .0001
G001886435_1_1515 7453 6 .0008
G001027025_2_1511 7453 0 0
G000007625_1_1509 7453 3 .0004
G001420715_2_1514 7453 19 .0025
G000368825_4_1501 7453 10 .0013
G001420855_13_1504 7453 15 .002
G000756225_1_1507 7453 3 .0004
G000512895_3_1519 7453 8 .0011
G000016165_5_1510 7453 3 .0004
G000016565_1_1488 7453 11 .0015
G000415945_1_1533 7453 6 .0008
G000826085_1_1517 7453 10 .0013
G001435475_1_1513 7453 4 .0005
G000260965_3_1523 7453 1 .0001
G000265295_1_1493 7453 1 .0001
G000754275_5_1512 7453 6 .0008
G000007625_1_1503 7453 6 .0008
G000091985_1_1506 7453 4 .0005
G001784235_1_1508 7453 1 .0001
G000208405_4_1524 7453 5 .0007
G001263205_1_1516 7453 4 .0005
G000014005_1_1495 7453 13 .0017
G000740865_1_1526 7453 0 0
G000368825_3_1484 7453 12 .0016
G000208405_4_1530 7453 1 .0001
G000500935_1_1522 7453 2 .0003
G000769915_1_1520 7453 4 .0005
G000763805_1_1538 7453 18 .0024
G000828895_1_1609 7453 0 0
G001766815_1_1537 7453 0 0
G001484965_1_1535 7453 20 .0027
G000725165_2_1529 7453 4 .0005
G001486165_3_1521 7453 2 .0003
G001486165_2_1540 7453 29 .0039
G000153185_3_1527 7453 1 .0001
G001558935_6_1571 7453 8 .0011
G000424265_1_1554 7453 0 0
G000195855_1_1518 7453 4 .0005
G000750535_1_1550 7453 1 .0001
G000016165_6_1536 7453 33 .0044
G000297775_6_1621 7453 2 .0003
G001708935_1_1558 7453 7 .0009
G000313385_3_1584 7453 1 .0001
G001713375_1_1528 7453 13 .0017
G000621485_1_1531 7453 3 .0004
G000314675_1_1547 7453 7 .0009
G000023865_1_1590 7453 21 .0028
G000369145_1_1561 7453 0 0
G001750165_2_1525 7453 2 .0003
G000007105_3_1556 7453 28 .0038
G000297775_2_1603 7453 9 .0012
G000515395_1_1607 7453 1 .0001
G000264455_2_1532 7453 5 .0007
G000875945_1_1596 7453 7 .0009
G001784565_1_1548 7453 1 .0001
G001818735_1_1580 7453 0 0
G000014185_1_1586 7453 15 .002
G900107585_1_1552 7453 8 .0011
G000710615_1_1588 7453 2 .0003
G001713375_1_1614 7453 8 .0011
G001543345_6_1578 7453 1 .0001
G001039275_1_1587 7453 4 .0005
G001558935_7_1557 7453 8 .0011
G000024985_2_1610 7453 1 .0001
G000368825_5_1615 7453 4 .0005
G000995995_1_1567 7453 2 .0003
G000750535_5_1591 7453 1 .0001
G001435325_1_1604 7453 2 .0003
G000752095_3_1574 7453 2 .0003
G000967895_3_1599 7453 11 .0015
G001399795_1_1560 7453 12 .0016
G001027025_1_1534 7453 0 0
G000016165_6_1565 7453 1 .0001
G900142205_1_1585 7453 6 .0008
G000411555_2_1572 7453 1 .0001
G000024025_2_1627 7453 8 .0011
G000024985_1_1592 7453 2 .0003
G000756225_1_1579 7453 2 .0003
G000756225_2_1553 7453 1 .0001
G000585375_1_1546 7453 3 .0004
G900155395_1_1624 7453 8 .0011
G000754275_1_1617 7453 2 .0003
G000023925_1_1619 7453 6 .0008
G000091565_1_1605 7453 10 .0013
G000500935_1_1601 7453 0 0
G000189775_3_1543 7453 2 .0003
G000332275_1_1549 7453 14 .0019
G000469585_1_1598 7453 4 .0005
G000297775_1_1600 7453 10 .0013
G001188545_1_1569 7453 0 0
G001438895_1_1541 7453 0 0
G001543345_9_1542 7453 0 0
G000428465_1_1602 7453 6 .0008
G000518365_1_1631 7453 28 .0038
G000368825_5_1545 7453 4 .0005
G001315825_1_1611 7453 3 .0004
G001771535_1_1551 7453 0 0
G000754275_4_1616 7453 4 .0005
G000368825_3_1539 7453 18 .0024
G000021885_3_1570 7453 1 .0001
G900107465_1_1622 7453 6 .0008
G001981925_1_1573 7453 2 .0003
G001438895_1_1562 7453 0 0
G001543345_9_1564 7453 0 0
G001899145_1_1581 7453 1 .0001
G000768875_1_1589 7453 2 .0003
G000021885_6_1597 7453 1 .0001
G001190745_1_1577 7453 4 .0005
G001421995_1_1555 7453 5 .0007
G000264455_2_1544 7453 17 .0023
G001784565_1_1593 7453 3 .0004
G001574865_2_1632 7453 2 .0003
G001544015_2_1566 7453 0 0
G000383295_1_1640 7453 16 .0021
G000348805_1_1626 7453 2 .0003
G000020725_4_1575 7453 0 0
G000237805_2_1630 7453 48 .0064
G000021885_4_1613 7453 5 .0007
G000512895_1_1594 7453 1 .0001
G000014865_1_1559 7453 3 .0004
G001039275_9_1612 7453 4 .0005
G000024025_2_1641 7453 8 .0011
G900142205_1_1646 7453 5 .0007
G001583415_2_1563 7453 20 .0027
G000158315_1_1608 7453 3 .0004
G000287055_1_1606 7453 1 .0001
G000091565_4_1635 7453 12 .0016
G000174415_2_1636 7453 7 .0009
G000153185_2_1662 7453 14 .0019
G000371925_2_1637 7453 0 0
G000208405_1_1583 7453 1 .0001
G000179615_5_1595 7453 3 .0004
G000014005_1_1568 7453 3 .0004
G001420715_7_1665 7453 16 .0021
G000415945_1_1638 7453 11 .0015
G000091565_2_1582 7453 2 .0003
G000020945_2_1633 7453 0 0
G001649715_1_1625 7453 2 .0003
G000091565_6_1620 7453 10 .0013
G000020725_3_1651 7453 1 .0001
G000744935_7_1623 7453 5 .0007
G000174415_1_1634 7453 9 .0012
G000371925_2_1576 7453 13 .0017
G001420715_2_1658 7453 16 .0021
G001039275_7_1618 7453 6 .0008
G000744935_1_1663 7453 5 .0007
G000744935_5_1628 7453 7 .0009
G000744935_3_1644 7453 6 .0008
G001602645_1_1649 7453 1 .0001
G001402855_2_1655 7453 5 .0007
G001794605_1_1657 7453 0 0
G000368825_2_1661 7453 13 .0017
G001543345_3_1645 7453 7 .0009
G000472345_1_1629 7453 1 .0001
G000828895_2_1648 7453 3 .0004
G000025725_1_1642 7453 2 .0003
G000023325_2_1643 7453 0 0
G000737865_3_1639 7453 6 .0008
G001023575_1_1647 7453 13 .0017
G001049735_1_1652 7453 16 .0021
G000007785_4_1653 7453 0 0
G000025725_1_1666 7453 1 .0001
G001583415_1_1650 7453 18 .0024
G000968055_1_1659 7453 2 .0003
G000210615_1_1669 7453 1 .0001
G000007625_5_1656 7453 4 .0005
G000702485_1_1664 7453 0 0
G001750165_7_1667 7453 0 0
G001824255_1_1660 7453 3 .0004
G001190745_1_1668 7453 4 .0005
G000312665_1_1675 7453 7 .0009
G001580025_1_1672 7453 7 .0009
G001784435_1_1654 7453 5 .0007
G000498475_1_1670 7453 2 .0003
G001294525_1_1674 7453 5 .0007
G001543345_8_1671 7453 0 0
G000017865_1_1683 7453 3 .0004
G001399795_1_1700 7453 2 .0003
G000021885_2_1685 7453 9 .0012
G000238395_1_1679 7453 2 .0003
G000415945_1_1680 7453 6 .0008
G001749745_1_1677 7453 3 .0004
G001420855_9_1689 7453 0 0
G000332175_2_1682 7453 2 .0003
G000159995_1_1720 7453 1 .0001
G000744935_6_1673 7453 3 .0004
G000687735_1_1767 7453 3 .0004
G000826085_2_1769 7453 0 0
G001713375_2_1698 7453 8 .0011
G001574865_2_1697 7453 9 .0012
G000260965_1_1678 7453 15 .002
G000350305_1_1692 7453 1 .0001
G001769115_1_1688 7453 0 0
G000702485_6_1763 7453 2 .0003
G001784235_1_1691 7453 2 .0003
G000877395_1_1701 7453 18 .0024
G000208405_3_1725 7453 4 .0005
G000800295_2_1755 7453 4 .0005
G001484965_1_1731 7453 10 .0013
G000196455_4_1686 7453 14 .0019
G000752215_1_1775 7453 1 .0001
G000498475_1_1778 7453 0 0
G001769115_1_1726 7453 0 0
G000772535_1_1746 7453 1 .0001
G001543345_6_1710 7453 0 0
G001574865_1_1787 7453 15 .002
G000960475_1_1687 7453 23 .0031
G000170795_5_1748 7453 13 .0017
G900095865_2_1718 7453 6 .0008
G001439135_1_1719 7453 2 .0003
G000299355_3_1714 7453 9 .0012
G000301055_1_1780 7453 17 .0023
G000153185_2_1764 7453 30 .004
G000007105_2_1772 7453 2 .0003
G000821105_4_1776 7453 8 .0011
G001302585_2_1723 7453 1 .0001
G000620165_1_1716 7453 1 .0001
G000737865_3_1742 7453 3 .0004
G000336495_1_1708 7453 17 .0023
G000752095_5_1693 7453 1 .0001
G000179615_9_1736 7453 11 .0015
G000507845_2_1781 7453 12 .0016
G000017545_2_1760 7453 1 .0001
G000016165_1_1783 7453 1 .0001
G900142205_1_1704 7453 2 .0003
G001774275_1_1729 7453 3 .0004
G000220235_1_1779 7453 13 .0017
G000023865_2_1690 7453 1 .0001
G900105065_1_1713 7453 9 .0012
G001619695_1_1706 7453 3 .0004
G000750535_6_1759 7453 16 .0021
G000023865_3_1722 7453 1 .0001
G001825665_1_1752 7453 3 .0004
G001981925_1_1765 7453 18 .0024
G000017545_2_1695 7453 1 .0001
G000413315_1_1750 7453 1 .0001
G000014005_1_1777 7453 1 .0001
G000518365_3_1785 7453 17 .0023
G000585155_7_1757 7453 3 .0004
G000752095_9_1733 7453 3 .0004
G001677115_2_1732 7453 14 .0019
G000379985_1_1712 7453 8 .0011
G900120165_1_1786 7453 3 .0004
G000512895_4_1737 7453 1 .0001
G000024305_1_1699 7453 8 .0011
G000750535_2_1774 7453 9 .0012
G000332275_1_1739 7453 6 .0008
G000265295_2_1711 7453 1 .0001
G000411555_2_1745 7453 1 .0001
G001774295_1_1676 7453 4 .0005
G000196455_2_1734 7453 3 .0004
G000091565_4_1771 7453 1 .0001
G001574675_4_1788 7453 6 .0008
G000014865_3_1758 7453 11 .0015
G001886435_1_1773 7453 7 .0009
G000585155_4_1751 7453 3 .0004
G000496595_1_1730 7453 9 .0012
G000597725_1_1761 7453 1 .0001
G000287055_1_1762 7453 6 .0008
G000413315_2_1684 7453 25 .0034
G001619695_1_1707 7453 1 .0001
G000711955_1_1724 7453 0 0
G001867005_3_1727 7453 13 .0017
G001049735_1_1747 7453 4 .0005
G002011685_1_1743 7453 17 .0023
G000429925_1_1715 7453 2 .0003
G001574865_5_1782 7453 11 .0015
G900113695_1_1770 7453 5 .0007
G001429255_1_1797 7453 6 .0008
G000512895_1_1721 7453 1 .0001
G000014865_2_1709 7453 15 .002
G000252445_4_1784 7453 5 .0007
G000413315_3_1791 7453 5 .0007
G000473145_4_1768 7453 21 .0028
G000189775_4_1799 7453 0 0
G000371925_2_1756 7453 17 .0023
G001044335_1_1705 7453 2 .0003
G000313385_1_1728 7453 6 .0008
G000179615_2_1754 7453 4 .0005
G001941945_2_1740 7453 3 .0004
G000826085_2_1789 7453 17 .0023
G000744935_5_1790 7453 6 .0008
G000965125_1_1798 7453 2 .0003
G001544015_1_1703 7453 12 .0016
G000007625_4_1741 7453 3 .0004
G900095865_2_1794 7453 3 .0004
G000143985_1_1696 7453 7 .0009
G000582705_1_1753 7453 2 .0003
G000169375_1_1744 7453 4 .0005
G000585155_3_1766 7453 0 0
G000744935_2_1793 7453 8 .0011
G001420855_10_1681 7453 3 .0004
G001017655_1_1738 7453 2 .0003
G000983115_1_1796 7453 0 0
G000332275_1_1717 7453 1 .0001
G000210615_1_1702 7453 0 0
G000615945_1_1735 7453 9 .0012
G001543345_1_1749 7453 0 0
G001784435_1_1795 7453 1 .0001
G000189775_4_1694 7453 2 .0003
G000170795_5_1825 7453 8 .0011
G001420715_6_1808 7453 10 .0013
G001750165_8_1805 7453 21 .0028
G000312665_1_1803 7453 3 .0004
G001818625_1_1804 7453 1 .0001
G000403295_3_1800 7453 12 .0016
G000754275_4_1856 7453 5 .0007
G000014245_2_1824 7453 7 .0009
G000756225_1_1816 7453 16 .0021
G000007105_2_1858 7453 4 .0005
G000404925_1_1827 7453 11 .0015
G900113975_1_1842 7453 10 .0013
G001580025_1_1830 7453 11 .0015
G000967895_1_1822 7453 48 .0064
G000585155_1_1846 7453 1 .0001
G001315825_1_1802 7453 1 .0001
G001426965_1_1806 7453 10 .0013
G000014865_3_1844 7453 7 .0009
G000375545_1_1873 7453 1 .0001
G000196135_2_1847 7453 4 .0005
G000371925_1_1840 7453 37 .005
G001649715_3_1815 7453 26 .0035
G001420855_11_1811 7453 17 .0023
G000585155_5_1848 7453 1 .0001
G000473145_3_1897 7453 21 .0028
G000312665_1_1833 7453 7 .0009
G000821105_2_1839 7453 3 .0004
G000297775_2_1826 7453 4 .0005
G000007105_1_1828 7453 2 .0003
G001049735_1_1813 7453 5 .0007
G000564995_1_1818 7453 1 .0001
G000585375_1_1835 7453 16 .0021
G000518365_1_1857 7453 3 .0004
G000648015_1_1841 7453 8 .0011
G000332275_1_1855 7453 13 .0017
G000403455_3_1852 7453 1 .0001
G002011685_1_1801 7453 6 .0008
G900128965_1_1832 7453 2 .0003
G000960475_1_1900 7453 7 .0009
G000014585_2_1861 7453 1 .0001
G000007625_6_1860 7453 6 .0008
G000313385_2_1829 7453 4 .0005
G001750165_7_1869 7453 0 0
G000016165_1_1837 7453 2 .0003
G000585155_7_1814 7453 1 .0001
G001750165_5_1868 7453 6 .0008
G000701545_1_1859 7453 12 .0016
G000411555_4_1863 7453 1 .0001
G000265295_2_1836 7453 2 .0003
G000719335_1_1867 7453 26 .0035
G001420855_1_1810 7453 3 .0004
G001039275_7_1854 7453 21 .0028
G000016165_1_1849 7453 1 .0001
G000158315_1_1807 7453 2 .0003
G000016165_8_1834 7453 1 .0001
G000021885_3_1817 7453 8 .0011
G000934685_2_1845 7453 9 .0012
G000014585_2_1888 7453 1 .0001
G000582705_1_1821 7453 9 .0012
G001543345_12_1831 7453 0 0
G001515215_1_1823 7453 0 0
G001619695_1_1904 7453 5 .0007
G001420855_2_1850 7453 0 0
G900095865_4_1881 7453 0 0
G000516515_1_1885 7453 0 0
G000498475_1_1915 7453 1 .0001
G000179615_7_1838 7453 9 .0012
G000473145_1_1819 7453 17 .0023
G000750535_5_1905 7453 14 .0019
G000597725_1_1894 7453 8 .0011
G001004055_1_1862 7453 1 .0001
G000332275_1_1898 7453 13 .0017
G000995995_1_1887 7453 2 .0003
G000196455_1_1809 7453 31 .0042
G001583415_1_1870 7453 11 .0015
G900103665_1_1851 7453 5 .0007
G000447295_1_1812 7453 4 .0005
G900105105_1_1880 7453 11 .0015
G000754275_6_1877 7453 4 .0005
G000737865_2_1864 7453 3 .0004
G001543345_12_1820 7453 2 .0003
G000473145_3_1891 7453 0 0
G000719335_1_1872 7453 7 .0009
G000313385_3_1886 7453 8 .0011
G000442315_1_1865 7453 17 .0023
G000008565_2_1910 7453 35 .0047
G000967895_3_1893 7453 8 .0011
G000744935_6_1866 7453 14 .0019
G000016165_5_1901 7453 39 .0052
G000505725_3_1909 7453 19 .0025
G000473145_1_1874 7453 14 .0019
G001773775_1_1792 7453 39 .0052
G000384135_3_1892 7453 26 .0035
G000299355_2_1875 7453 6 .0008
G000372165_1_1889 7453 20 .0027
G000621485_1_1876 7453 5 .0007
G000687735_1_1843 7453 0 0
G000091985_1_1896 7453 6 .0008
G000020945_2_1911 7453 0 0
G001774295_1_1853 7453 3 .0004
G000179615_1_1882 7453 4 .0005
G001773775_1_1884 7453 2 .0003
G000821105_4_1890 7453 4 .0005
G900115865_1_1878 7453 7 .0009
G000299355_5_1908 7453 6 .0008
G001486165_3_1903 7453 3 .0004
G000821105_3_1920 7453 3 .0004
G000447295_2_1932 7453 4 .0005
G000252445_4_1902 7453 1 .0001
G000297775_3_1921 7453 1 .0001
G000008565_1_1883 7453 2 .0003
G000368825_2_1923 7453 4 .0005
G001543345_9_1906 7453 1 .0001
G000403455_2_1913 7453 0 0
G000702485_6_1879 7453 0 0
G000179615_10_1912 7453 2 .0003
G000736515_1_1871 7453 8 .0011
G000413315_2_1928 7453 5 .0007
G000208405_1_1907 7453 1 .0001
G000970465_1_1922 7453 14 .0019
G000403455_1_1938 7453 0 0
G001708985_1_1916 7453 3 .0004
G000092225_1_1930 7453 8 .0011
G001886435_1_1927 7453 1 .0001
G001435325_1_1917 7453 5 .0007
G001604585_1_1895 7453 4 .0005
G000007625_3_1919 7453 6 .0008
G001420855_13_1899 7453 0 0
G000017545_2_1914 7453 1 .0001
G000153185_1_1935 7453 11 .0015
G000719275_1_1925 7453 13 .0017
G900097105_3_1924 7453 0 0
G002002625_1_1933 7453 10 .0013
G000482465_1_1929 7453 1 .0001
G001190745_2_1918 7453 4 .0005
G000368825_4_1937 7453 4 .0005
G000265295_2_1934 7453 1 .0001
G001543345_10_1936 7453 2 .0003
G001005825_1_1931 7453 6 .0008
G001795505_1_1926 7453 2 .0003
G001750165_6_1940 7453 23 .0031
G000754275_1_1941 7453 14 .0019
G000800295_2_1939 7453 4 .0005
G001039275_3_1946 7453 4 .0005
G000023705_1_1954 7453 0 0
G000185985_1_1945 7453 0 0
G001941945_4_1955 7453 26 .0035
G000769915_1_1960 7453 4 .0005
G000368825_1_1975 7453 5 .0007
G001750165_8_1985 7453 4 .0005
G000297775_6_1952 7453 1 .0001
G000308795_1_1942 7453 6 .0008
G000159995_1_1957 7453 1 .0001
G001656215_1_1961 7453 1 .0001
G000403295_1_1965 7453 7 .0009
G000143985_2_1951 7453 2 .0003
G001543345_3_1976 7453 0 0
G000170795_2_1944 7453 2 .0003
G001544015_1_1982 7453 6 .0008
G000620165_1_1970 7453 29 .0039
G000585155_7_1943 7453 1 .0001
G000014865_1_1950 7453 23 .0031
G000710615_1_1983 7453 9 .0012
G001676615_1_1974 7453 23 .0031
G000752215_1_1978 7453 4 .0005
G001941945_3_1956 7453 7 .0009
G000968055_1_1953 7453 1 .0001
G000744935_1_1995 7453 11 .0015
G001497255_1_1997 7453 2 .0003
G001543345_2_1973 7453 1 .0001
G000740865_1_1977 7453 0 0
G001713375_1_1958 7453 2 .0003
G001039275_5_1963 7453 8 .0011
G000210095_1_1962 7453 5 .0007
G000313385_3_1948 7453 11 .0015
G001872305_1_1996 7453 16 .0021
G000252445_4_1999 7453 1 .0001
G000313385_1_1986 7453 8 .0011
G000615945_1_1993 7453 16 .0021
G000384135_3_1994 7453 1 .0001
G000754275_3_1947 7453 4 .0005
G000145555_1_1964 7453 3 .0004
G001039275_8_1992 7453 3 .0004
G001981925_1_1971 7453 19 .0025
G000702485_2_1979 7453 6 .0008
G001420715_1_1969 7453 10 .0013
G000473145_2_1966 7453 4 .0005
G000196455_2_1972 7453 4 .0005
G000403295_2_1984 7453 2 .0003
G000007625_3_1980 7453 6 .0008
G000301055_1_1988 7453 1 .0001
G000750535_3_1949 7453 1 .0001
G001867005_2_1968 7453 13 .0017
G001420855_6_1959 7453 3 .0004
G000179615_3_1998 7453 7 .0009
G000752095_7_1987 7453 1 .0001
G000023325_2_1989 7453 1 .0001
G900105065_2_1981 7453 7 .0009
G001789085_1_1991 7453 0 0
G001750165_4_1967 7453 13 .0017
G000403295_1_1990 7453 14 .0019
